%YAML:1.0
---
image_width: 1600
image_height: 1200
camera_matrix: !!opencv-matrix
   rows: 3
   cols: 3
   dt: d
   data: [ 8.9429047332595326e+02, 0., 7.5413190049742877e+02, 0.,
       8.9663383756180144e+02, 5.9752711928824738e+02, 0., 0., 1. ]
distortion_coefficients: !!opencv-matrix
   rows: 1
   cols: 5
   dt: d
   data: [ 1.5294247453434641e-02, -5.5189188299899133e-02,
       1.3961562957623770e-03, 2.1165426132799427e-04,
       1.9675828385903517e-02 ]
