%YAML:1.0
---
image_width: 1600
image_height: 1200
camera_matrix: !!opencv-matrix
   rows: 3
   cols: 3
   dt: d
   data: [ 1.1596297120057359e+03, 0., 7.7876081855683617e+02, 0.,
       1.1667801290977964e+03, 5.9993206564608249e+02, 0., 0., 1. ]
distortion_coefficients: !!opencv-matrix
   rows: 1
   cols: 5
   dt: d
   data: [ -6.8556984013075778e-02, 5.1799996202966839e-02,
       2.1166028475888298e-03, 4.5512221768738755e-03,
       -1.2077054952979736e-01 ]
