%YAML:1.0
---
image_width: 1600
image_height: 1200
camera_matrix: !!opencv-matrix
   rows: 3
   cols: 3
   dt: d
   data: [ 6.0199018396640431e+03, 0., 8.1256033843942294e+02, 0.,
       6.0364105092857308e+03, 5.6111130255906926e+02, 0., 0., 1. ]
distortion_coefficients: !!opencv-matrix
   rows: 1
   cols: 5
   dt: d
   data: [ 3.8396428912584790e-01, 1.7148860658614995e+00,
       -6.8920976772261760e-03, -8.3960499324317560e-03,
       -1.5249569721517014e+03 ]
