%YAML:1.0
---
image_width: 1600
image_height: 1200
camera_matrix: !!opencv-matrix
   rows: 3
   cols: 3
   dt: d
   data: [ 1.6774802334634066e+03, 0., 7.8299520880618741e+02, 0.,
       1.6894018122088244e+03, 5.8039811657168696e+02, 0., 0., 1. ]
distortion_coefficients: !!opencv-matrix
   rows: 1
   cols: 5
   dt: d
   data: [ 3.2642171359689842e-01, -1.2365039429730071e+00,
       1.1452995278678373e-04, -3.0970997085657112e-03,
       1.4473956376486052e+00 ]
