%YAML:1.0
---
image_width: 1600
image_height: 1200
camera_matrix: !!opencv-matrix
   rows: 3
   cols: 3
   dt: d
   data: [ 1.2917788599010389e+03, 0., 8.2088358195548233e+02, 0.,
       1.2959432500558228e+03, 5.7265471003734581e+02, 0., 0., 1. ]
distortion_coefficients: !!opencv-matrix
   rows: 1
   cols: 5
   dt: d
   data: [ 4.0728199899881870e-02, -9.6228092490625375e-02,
       -3.6981242819176569e-03, 1.4619429064867844e-03,
       4.3479491319890380e-03 ]
