%YAML:1.0
---
image_width: 1600
image_height: 1200
camera_matrix: !!opencv-matrix
   rows: 3
   cols: 3
   dt: d
   data: [ 1.1873489486704816e+03, 0., 8.4174162713920919e+02, 0.,
       1.1909471753001319e+03, 6.3157102807416925e+02, 0., 0., 1. ]
distortion_coefficients: !!opencv-matrix
   rows: 1
   cols: 5
   dt: d
   data: [ -4.2573733017222601e-02, 2.4434482126969723e-02,
       7.5412062428761575e-03, 7.2634605070566851e-03,
       -4.3580930629813344e-02 ]
