%YAML:1.0
---
image_width: 1600
image_height: 1200
camera_matrix: !!opencv-matrix
   rows: 3
   cols: 3
   dt: d
   data: [ 1.3176839301649577e+03, 0., 7.5837802536116862e+02, 0.,
       1.3214149385977262e+03, 6.0096549808629777e+02, 0., 0., 1. ]
distortion_coefficients: !!opencv-matrix
   rows: 1
   cols: 5
   dt: d
   data: [ 7.6841235027641105e-02, -2.7839587019402939e-01,
       -1.2307309195164124e-03, 1.1727733173366706e-04,
       1.7689633573292043e-01 ]
