%YAML:1.0
---
image_width: 1600
image_height: 1200
camera_matrix: !!opencv-matrix
   rows: 3
   cols: 3
   dt: d
   data: [ 1.3790747523608127e+03, 0., 8.3157049712765001e+02, 0.,
       1.3868029824959715e+03, 6.0856656588140891e+02, 0., 0., 1. ]
distortion_coefficients: !!opencv-matrix
   rows: 1
   cols: 5
   dt: d
   data: [ 6.3998154889336911e-02, -1.3729576327857668e-01,
       1.4620409037926305e-03, 1.4821288289821205e-03,
       -1.0035764600217366e-01 ]
