%YAML:1.0
---
image_width: 1600
image_height: 1200
camera_matrix: !!opencv-matrix
   rows: 3
   cols: 3
   dt: d
   data: [ 1.3779422168333315e+03, 0., 7.8742890591357741e+02, 0.,
       1.3830545360370973e+03, 5.9571881238683056e+02, 0., 0., 1. ]
distortion_coefficients: !!opencv-matrix
   rows: 1
   cols: 5
   dt: d
   data: [ 8.9590299570040541e-02, -2.3638708753970822e-01,
       1.8288459421632866e-03, -2.1456329601543325e-03,
       1.0480787751882192e-01 ]
