%YAML:1.0
---
image_width: 1600
image_height: 1200
camera_matrix: !!opencv-matrix
   rows: 3
   cols: 3
   dt: d
   data: [ 8.2214589104801280e+02, 0., 7.6556592602087994e+02, 0.,
       8.2418418605690704e+02, 6.4029254472572143e+02, 0., 0., 1. ]
distortion_coefficients: !!opencv-matrix
   rows: 1
   cols: 5
   dt: d
   data: [ -8.4325321853871999e-03, -1.4266735362612292e-02,
       1.9097584909221680e-03, -1.4943543204924022e-03,
       1.9711191658404663e-03 ]
