%YAML:1.0
---
image_width: 1600
image_height: 1200
camera_matrix: !!opencv-matrix
   rows: 3
   cols: 3
   dt: d
   data: [ 1.6487278596599131e+03, 0., 7.9700708869764333e+02, 0.,
       1.6614726935022468e+03, 6.0936343384535940e+02, 0., 0., 1. ]
distortion_coefficients: !!opencv-matrix
   rows: 1
   cols: 5
   dt: d
   data: [ 1.2023680657650541e-01, -1.1272213840053042e+00,
       -8.9913893527363074e-04, 1.1014125180598391e-03,
       1.3178968609697141e+00 ]
